44.968578741666455 0.29860959112511476
45.506721938324645 0.29949951934173047
46.31392287150172 0.30037073411453885
47.42600045882592 0.2993660301092381
48.21523648594794 0.29931113734073655
49.1120956076775 0.2992487591947121
50.29592192474007 0.2982390649377294
50.81615566258414 0.30005759582149605
51.210884570626945 0.3037395698541669
51.55177420774557 0.3064979314713689
51.892552950382346 0.30554687267164915
52.25126887545372 0.30459456630900894
52.627866535718766 0.3017863021749875
53.02242910203887 0.29990414558227585
53.416853050256684 0.2933852134684121
53.7934229869013 0.28964959423016023
54.16999292354588 0.2859139749919083
54.56455548986598 0.28403181839919667
54.90544512698458 0.2867901800163986
55.210515846474905 0.29140574696790233
55.53357919564073 0.2978747765649465
55.8924891860553 0.30341395593191917
56.21560798246204 0.31173769573742416
56.53872677886878 0.32006143554292915
56.86179012803461 0.32653046513997314
57.148895941469895 0.330219924550167
57.45374487199658 0.32741665066782744
57.794357272910624 0.32090146124272523
58.09903986171458 0.3125340567350032
58.33191827353926 0.3023169322705022
58.582706144178076 0.29117120513885036
58.869368379686065 0.2800229828813575
59.120183973945345 0.2698046108539361
59.353062385770016 0.2595874863894352
59.62184288608433 0.25029522190332365
59.94454582818425 0.24470863514537233
60.32122665931067 0.24468243632404207
60.662199467290634 0.2502228632539353
60.895715522385785 0.26133490618673394
61.11126667142588 0.2715208415782227
61.34478272652104 0.2826328845110213
61.54250758760837 0.29652948788235206
61.68639317777148 0.3095024788382141
61.81228613825908 0.32062200714853556
61.95614400480173 0.3326676430001671
62.08203696528933 0.3437871713104887
62.22589483183199 0.3558328071621202
62.36978042199509 0.3688057981179821
62.53152002373142 0.37899547619823226
62.69328734908821 0.3901125093827128
62.926664786081076 0.3965877767943594
63.15998677583303 0.4012083339975451
63.44681535306377 0.3956242423654348
63.60783414066826 0.38170268773569416
63.786817834327806 0.36870724064726346
63.92995488673862 0.3566416437889041
64.01925266822519 0.34365243451507577
64.1443970909605 0.32973337501117617
64.26956923731628 0.3167416706115069
64.39468593643113 0.3018952560033768
64.50189317673184 0.28797744406239767
64.6270098758467 0.27313102945426754
64.75215429858201 0.2592119699503679
64.87729872131732 0.24529291044646817
65.02038032648721 0.23137260337964805
65.16346193165711 0.2174522963128278
65.30657126044747 0.20445934435023816
65.46764549529289 0.19239249992895835
65.62866428289738 0.1784709452992177
65.77180133530817 0.1664053484408584
66.00467974713285 0.15618822397635734
66.25552306501258 0.14689720705316645
66.61418354284305 0.1440901904820655
66.88335217384373 0.14778089745517986
67.11675733445706 0.15518351997105662
67.29637867138707 0.16351724027992542
67.44023653792972 0.17556287613155697
67.61999649296202 0.18853337196157793
67.72806316549685 0.20336356825174173
67.8719764792804 0.217263914311834
68.01588979306396 0.23116426037192628
68.08808210072962 0.24599695178793107
68.17829476169123 0.2636104609537065
68.30435406390157 0.28029411988941055
68.41242073643639 0.29512431617957435
68.4846407677225 0.3108843626998094
68.5568607990086 0.3266444092200445
68.62905310667425 0.34147710063604925
68.70121769071946 0.35538243694782345
68.7734099983851 0.37021512836382825
68.82766512361616 0.3850490673427534
68.91782233733684 0.4008078663000681
69.00800727467801 0.4174940203616131
69.08019958234365 0.4323267117776178
69.15239189000931 0.44715940319362246
69.2246119212954 0.4629194497138576
69.27886704652647 0.4777533886927828
69.3689410893858 0.4907301223374062
69.44113339705146 0.505562813753411
69.5133257047171 0.5203955051694156
69.60345519481734 0.5352269490224998
69.74739623222136 0.5500546501868225
69.85518566855166 0.5556112954346821
70.01642624511977 0.5491085816387848
70.14162611509599 0.537044232343346
70.23095162020303 0.5249823781737482
70.32022167806916 0.5110658137956894
70.39149910625979 0.4952957867720904
70.46283198169132 0.48138046995695216
70.53419258074331 0.46839250824604445
70.58758827374027 0.45447843899382667
70.65892114917179 0.4405631221786885
70.71228911854828 0.42572169782224034
70.74771990549019 0.41088152102871267
70.80103242762576 0.39418538646380374
70.87230985581638 0.3784153594402047
70.9615244664416 0.36264408485368516
70.99689980614258 0.34594919785169675
71.06812178709231 0.32832446061963677
71.13939921528294 0.31255443359603785
71.22861382590814 0.29678315900951824
71.31782843653335 0.28101188442299874
71.40701532353812 0.26431325473224887
71.53207657541206 0.2476121299156579
71.62126346241682 0.23091350022490797
71.69251316698698 0.21421611809707852
71.76379059517762 0.19844609107347944
71.87088694099651 0.18081885871557857
71.97803873405633 0.16504633656613854
72.08521825073659 0.1502011695209292
72.21033494985144 0.1353547549127989
72.33542392534584 0.11958098520043858
72.47845008327482 0.10380596792515762
72.65746150055482 0.09173787594095728
72.80059855296562 0.07967227908259811
72.96164506419058 0.0666780795570876
73.14071192871148 0.056464697781348105
73.33771597566698 0.04625006844268831
73.57064983473256 0.03788765418664797
73.8215485998532 0.030451347471918022
74.07244736497384 0.023015040757187633
74.3054643949008 0.017434691813838832
74.592320695752 0.01277795528595893
74.8792324438441 0.009975928966539982
75.18410909799121 0.00810001018843065
75.48895802851791 0.0052967363060910655
75.81177186509964 0.003419569965061542
76.13458570168137 0.0015424036240319072
76.43949007944897 0.0005938399501530522
76.76235936327161 0.00057138381758437
80.06282865485687 0.001269187344444478
85.03142818923865 0.0009236124154691217
90.00002772362046 0.0005780374864936544

