45.075901423703506 0.10032281714255697
45.49057365002978 0.10030873545311188
46.060546794236345 0.10009533080235455
46.751667171446805 0.10007186131994604
47.78814657027043 0.09984261476856296
49.34377091997018 0.10037193541645478
50.691053321546434 0.09993808527021755
51.34761767989637 0.09991578926192948
52.17716329954101 0.10008166821080959
52.972152900325106 0.10024872063381013
53.87060939069871 0.10021821030667907
54.49322123116434 0.10077921475582238
55.01156151407219 0.100761612644016
55.529901796980035 0.10074401053220963
56.047638578911666 0.10014428143709228
56.686522593847194 0.09973448751032377
57.25589223707753 0.09893895587625548
57.68744013884992 0.09853620279420951
58.06755634631568 0.09852329457888484
58.39644202646687 0.09909427355805175
58.69016818678132 0.09908429902802814
59.0013735235181 0.09926778008871463
59.312578860254874 0.09945126114940112
59.60710968853762 0.1002174559304588
59.90143934982828 0.10078960838374613
60.19576901111894 0.1013617608370335
60.50737668183987 0.10193332655326062
60.83626236199106 0.10250430553242756
61.182426051572506 0.10307469777453426
61.54566658359215 0.10345046095181043
61.90850478162764 0.10343813947354596
62.27094064567899 0.10303773333974085
62.632974175746185 0.10224924255039511
63.01168221426744 0.10087803804067819
63.47678029993998 0.09950389984566022
63.75161911488759 0.09794217343053424
64.13012598641676 0.09637692659304699
64.52591086737618 0.09481109301849953
64.95605060020407 0.09305004364206133
65.36971699156999 0.09206575031376461
65.7323540226134 0.09185938650772983
66.00920450748174 0.09223808337030709
66.3035341687724 0.09281023582359442
66.5813904886011 0.09415914432502326
66.82448962257719 0.09531518397280221
67.06819225752952 0.09705335060389211
67.3120960594739 0.09898555956275236
67.55660336239451 0.10149989550492355
67.78343032190071 0.10362673352861432
68.01005611441485 0.10555952922453476
68.23688307392105 0.10768636724822553
68.48159154383373 0.11039474551816705
68.67406365147147 0.11271679934374855
68.88321026756327 0.11445613944895888
69.07528004121687 0.11639010861899976
69.2842254903166 0.11793540639643978
69.49317093941633 0.11948070417387979
69.80477861013725 0.12005226989010692
70.14993646475834 0.11965245049336201
70.47640814100465 0.1178949215392851
70.78499830684449 0.11555585233895743
71.02407410097912 0.11283104543132996
71.22859387625324 0.11010741199782292
71.43230898355907 0.10660760925323459
71.63622525785696 0.1033018488364166
71.83973919817072 0.09960800376405793
72.0082947856398 0.09552724751027906
72.19473188351537 0.09202803150275096
72.38036431342263 0.08775264618414157
72.58267125178395 0.08289454714516098
72.81933304201372 0.07784123230428966
73.03851565582116 0.07259446187270822
73.25830177060482 0.06792981842443777
73.47828905238053 0.06345921730393761
73.66412264927988 0.05937787431309853
73.86663075463326 0.05471381760188829
74.06974236096288 0.05063188787398899
74.32448682859119 0.046354155607138736
74.61298264711175 0.04129908055508677
74.95331249392308 0.0362422452918542
75.19118128610529 0.03235318441760479
75.48128644056241 0.028850447987715383
75.73723791014318 0.025736969687487066
76.04502340801471 0.022621731176078103
76.35280890588626 0.01950649266466914
76.67887824814842 0.01736087905505157
77.03910127528697 0.014826007315772938
77.45135949770837 0.012483417693083976
77.79490801639287 0.010531259674176535
78.10450401719308 0.009162402112700446
78.46593404628405 0.007791784340043767
78.84464208480529 0.006420579830326817
79.24103046674094 0.00543687323909034
79.60306399680815 0.004648382449744554
80.0342095645964 0.0038575447121579898
80.60357920782673 0.003062013078089676
81.12111482276629 0.0022682416552020357
81.55246155754661 0.0016714462453857326
82.10515669232291 0.0014586283316886106
82.62309464124661 0.001052941564341603
83.24470064675188 0.0006437343746332758
83.86650781924922 0.0004285695126953204
85.00685644164648 0.0003898448667212784
90 0.000026235528549523046

