44.970872061880556 0.30092920759241426
45.16834255232343 0.3092791702631368
45.43739089165627 0.3129818460368519
45.7241741070809 0.31018215022189405
46.04678787811505 0.306451997879586
46.351416986070205 0.30086509559903085
46.63808918505607 0.29435023466099747
46.90683222918233 0.2878362063462547
47.211461337137486 0.28224930406569954
47.53401959995226 0.2766615691618537
47.82080281537688 0.2738618733468959
48.17935815845931 0.27291642960031315
48.50216620826128 0.27568781622338734
48.789143702453735 0.2793896593738118
49.04037390336573 0.2868083328938933
49.23784439380861 0.29515829556461576
49.45327179322077 0.3044362168928164
49.65079779188302 0.3146437621250767
49.84835154465497 0.3257800986381058
50.081735853036434 0.33598597862378476
50.279234097589 0.3452647325752761
50.51259065186077 0.3545418212801861
50.76376534455339 0.36010291223872976
51.05065957641677 0.36101838154684757
51.319458128762406 0.35636193579364267
51.53433044598078 0.3470640315064653
51.71334445347994 0.3377677924658694
51.874346043790425 0.3256860122062574
52.035375388210596 0.31453302322741444
52.17847557777117 0.30338086687186205
52.35740632294126 0.2912982539889595
52.50050651250183 0.2801460976334071
52.661480348702625 0.26713552609302627
52.822481939013116 0.25505374583341434
52.96555437446399 0.2429727981970931
53.126555964774475 0.23089101793748124
53.323415864804176 0.2188075724312878
53.52022025661449 0.20486654436355667
53.77097863766176 0.19649576611056696
54.02176477281873 0.18905377913834598
54.32653265132234 0.18811083326163536
54.55972268093598 0.19181517428193184
54.775011309799694 0.19644913920628804
54.97250955435225 0.2057278931577795
55.11624808843569 0.21593793625991176
55.27794353148842 0.22707593801952242
55.38585150996233 0.23821643764900496
55.49381499665563 0.2512145198400253
55.58379382026993 0.26235585209279866
55.69175730696322 0.27535393428381916
55.7818193929066 0.28928164037889914
55.8897551254902 0.3013509312891507
55.99771861218349 0.31434901348017114
56.087752944017176 0.3273479282944822
56.14184570380258 0.33756213451306805
56.23190778974596 0.3514898406081481
56.30404072082973 0.3654183793265188
56.39404729855373 0.377488502860061
56.484081630387415 0.3904874176743722
56.57414371633079 0.40441512376945216
56.66420580227417 0.4183428298645322
56.73633873335794 0.43227136858290294
56.82645632752069 0.44805665723952076
56.91651841346406 0.46198436333460074
57.02448190015736 0.4749824455256212
57.13250089507004 0.4898381102781794
57.25833802840355 0.5009777772843713
57.47368216548665 0.5074693247702653
57.68855448270502 0.498171420483088
57.83159916404621 0.48516168156599787
57.93873002744881 0.4702960253339513
58.0458608908514 0.45543036910190476
58.09923204378488 0.44149600202049916
58.18843375232787 0.42663117841174325
58.25965079779188 0.4099096048647404
58.348852506334865 0.3950447812559845
58.42004179768919 0.3773944164282126
58.491286597262885 0.36160163416197855
58.562531396836576 0.3458088518957445
58.63380395051997 0.3309448609102793
58.72297790495327 0.31515124602075456
58.83010876835587 0.300285589788708
58.91928272278917 0.2844919748991832
58.97262612161295 0.26962881653700876
59.04384316707696 0.25290724299000583
59.151029538698936 0.23989916931949706
59.25816040210154 0.22503351308745057
59.347362110644525 0.2101686894786946
59.43650831096814 0.19344628330840097
59.543583666151356 0.17672304451481657
59.65074228366365 0.16278617956353902
59.77580230192585 0.14791969070820166
59.900862320188054 0.1330532018528644
60.07968204891939 0.11725542384688625
60.2406003769008 0.1023872697449677
60.4015742131016 0.08937669820458682
60.56249254108302 0.07450854410266838
60.7414510403628 0.06335472250053442
60.95626784936178 0.0521992356518195
61.171167920689854 0.043830122645410974
61.403997146877515 0.03546017701571169
61.65478328203449 0.0280181900434906
61.90562492541083 0.022433785632807846
62.21028178747568 0.01777567463302132
62.55079695925973 0.013115898386653946
62.873410730293884 0.009385746044345722
63.196024501328026 0.00565559370203772
63.62626870973919 0.003778028181523063
64.09242673608894 0.0037563799759652294
64.50476954375017 0.00280843835951039
64.88125404169222 0.0018621619896370678
65.20397882916512 0.001847174770404525
66.31558643046068 0.0017955521263810503
67.44509543250616 0.0008143055782986464
68.5029155692229 0.0007651808041478914
70.08068119686823 0.000691909954566583
75.08299866502733 0.0032459818987697897
80.03144540627854 0.003016177870538206
85.01572270313926 0.0018559173149570451
89.98207084514038 0.0006964893826658658

