45.15927396597372 0.0974092485407011
45.332054060276334 0.09740338117009897
45.53959134043155 0.09759038265314673
45.747732121562976 0.0983595111195055
45.95647640367063 0.09971076656917519
46.16481835179413 0.10067393736330424
46.33860428105711 0.1016382816315537
46.54674506218854 0.10240741009791245
46.73760783388971 0.10317712530133138
46.92887293957502 0.10433492516029097
47.1374160546906 0.10549213828219034
47.32847999338384 0.10645589581337961
47.50246708963889 0.10761428240939941
47.710809037762395 0.10857745320352846
47.936026661332015 0.10915195260505667
48.19519680278594 0.10914315154915348
48.45416577724779 0.10894030816547995
48.695655575287304 0.10854400919109634
48.93694420633474 0.1079536678889424
49.14307331754545 0.10678237307759791
49.31444524290355 0.10541820941260355
49.48601833525373 0.1042480880753795
49.657390260611834 0.10288392441038513
49.828158684993724 0.10093763376207979
49.98185026693742 0.09918597217860499
50.13534068188905 0.09724026826735988
50.27155308741041 0.09529515109317496
50.42484233536996 0.09315540485415952
50.578131583329515 0.09101565861514406
50.731420831289064 0.08887591237612863
50.85015406038809 0.0867373396112336
50.985964131925314 0.08440413778150806
51.104496194032265 0.08207152268884271
51.24030626556949 0.07973832085911718
51.393394346536965 0.07740453229233141
51.52940558506626 0.07526537279037616
51.6650144896114 0.0727381286328803
51.766268542288095 0.07040610027727517
51.90207861382531 0.06807289844754962
52.0204095089402 0.06554624102711397
52.15642074746948 0.06340708152515873
52.27455047559229 0.060686381776952736
52.42723622257563 0.05796450855462633
52.58032430354311 0.05563071998784057
52.71613437508033 0.05329751815811501
52.851944446617544 0.050964316328389464
52.98795568514683 0.048825156826434235
53.12396692367612 0.046685997324479006
53.259978162205414 0.04454683782252376
53.395989400734706 0.04240767832056855
53.549278648694255 0.040267932081553104
53.68528988722355 0.03812877257959786
53.838579135183096 0.03598902634058243
54.009347559564986 0.03404273569227709
54.18011598394687 0.032096445043971744
54.35088440832876 0.03015015439566643
54.52165283271064 0.028203863747361085
54.69242125709253 0.026257573099055742
54.88066885789675 0.024504738041460528
55.069117625693046 0.02294594531163563
55.27464323592753 0.021192523516980172
55.48016884616201 0.019439101722324742
55.70317363281883 0.017879135518379385
55.92597725248358 0.016125126986663768
56.21809407686143 0.01456281383447755
56.47565488237878 0.013001674156411819
56.750896031310525 0.011828032396826477
57.00885917081201 0.010654977374301378
57.26682231031349 0.00948192235177625
57.54226462623731 0.00850232291996128
57.834984951591395 0.0075221367510860115
58.0935515920691 0.006931208711871889
58.369195074984994 0.0061456516078271795
58.661915400339076 0.005165465438951966
58.95523922666938 0.0047674062533877015
59.26584106242994 0.004368760330763249
59.57624173119842 0.003776072080368481
59.95575443768796 0.003181036881732824
60.30071112531698 0.002587175157217597
60.6285909705078 0.00218794249753293
60.95647081569862 0.0017887098378482347
61.28475299487359 0.001777561833704172
61.59535483063415 0.00137891591107972
61.87160181452627 0.001175485790345987
62.23423884556969 0.0009691219843111776
62.64850873791182 0.0005669556393254893
63.20120387268811 0.00035413772562833956
63.82321221217753 0.00033301519146070047
65.06722889115636 0.0002907701231253945
70.04329560707168 0.00012178984978417073
80.0127070483326 -0.00021675743395854763
89.98272199056973 0.00002682226560971057

