44.964234620886984 0.20340425531914888
45.27896995708154 0.20679511764526823
45.56509298998569 0.2101871975162085
45.851216022889844 0.21272821355736155
46.13733905579399 0.21356710193894005
46.42346208869814 0.21270386266094418
46.738197424892704 0.21098834200834013
47.02432045779685 0.20842297507076973
47.28183118741059 0.205007761848233
47.56795422031473 0.20159133108087535
47.79685264663805 0.196475207743585
48.054363376251786 0.19135786686147382
48.283261802575105 0.18624174352418346
48.54077253218884 0.18112440264207222
48.82689556509299 0.17685690804492732
49.14163090128755 0.1725881959029616
49.48497854077253 0.17002039387574952
49.77110157367668 0.17000821842754082
50.05722460658083 0.17084710680911935
50.343347639484975 0.17423918668005955
50.60085836909871 0.18018567558518245
50.80114449213161 0.18698566340973422
51.05865522174535 0.19548534380421873
51.25894134477825 0.20228533162877055
51.430615164520745 0.21078866465771767
51.57367668097282 0.2184421514016984
51.71673819742489 0.2260956381456792
51.85979971387697 0.23374912488965996
52.031473533619454 0.2405503302590326
52.174535050071526 0.24820381700301336
52.37482117310443 0.2558548686573524
52.60371959942775 0.2626536389370833
52.80400572246066 0.2694536267616351
53.11874105865522 0.27114236142818005
53.433476394849784 0.26857577694578877
53.69098712446352 0.2626073722338903
53.89127324749642 0.25493927495205915
54.06294706723891 0.24557026755547437
54.20600858369099 0.23620247770371045
54.34907010014306 0.2268346878519465
54.49213161659513 0.21661583417039534
54.606580829756794 0.20639819803366505
54.74964234620887 0.19788147201168835
54.89270386266094 0.18681155450035003
55.0071530758226 0.1765939183636197
55.15021459227468 0.16722612851185586
55.29327610872675 0.1561562110005174
55.43633762517882 0.14593735731896634
55.60801144492132 0.13401515843301987
55.779685264663804 0.12294402337686056
55.95135908440629 0.11272395215048853
56.12303290414878 0.1025038809241165
56.294706723891274 0.09313487352753169
56.46638054363376 0.08461692996073411
56.69527896995708 0.0752454874745076
56.9241773962804 0.06502298115849386
57.1244635193133 0.057354883876662655
57.35336194563662 0.04968556905001065
57.610872675250356 0.0428661005083249
57.896995708154506 0.03689647825160558
58.18311874105866 0.03007579216509898
58.497854077253216 0.024956016193346087
58.86981402002861 0.020684868961738656
59.21316165951359 0.015563875445164799
59.64234620886981 0.012141356953702831
60.07153075822603 0.009569902292028087
60.47210300429184 0.007850729004961476
60.95851216022889 0.006127903083432196
61.41630901287554 0.004406294706723823
62.01716738197425 0.0026785986059111866
62.532188841201716 0.002656682799135557
63.047210300429185 0.0017837031625725919
65.07868383404863 0.0008461936505037015
70.08583690987125 0.0006331233068516684
79.9856938483548 0.00021185279883123576
90 0.0006367759413142826

