44.93562231759657 0.20085228137460806
47.997138769670954 0.2007220040787751
48.39771101573677 0.19985389462149566
48.798283261802574 0.1989857851642163
49.19885550786838 0.1989687395367241
49.57081545064377 0.20065503911362734
50.05722460658083 0.2006343408516726
50.572246065808294 0.2031656165342586
50.97281831187411 0.20570176239612808
51.40200286123033 0.20568349922381512
51.85979971387697 0.20396189084710675
52.34620886981402 0.20223906492557758
52.80400572246066 0.20051745654886913
53.261802575107296 0.19709372051258633
53.719599427753934 0.1936699844763035
54.12017167381974 0.19109974735944968
54.52074391988555 0.18938057407238298
54.92131616595135 0.1910656561044653
55.2074391988555 0.19360667214561833
55.52217453505007 0.1978485983015249
55.80829756795422 0.20124067817246516
56.09442060085837 0.20548382187319264
56.380543633762514 0.20972696557392018
56.666666666666664 0.21482117310443483
56.9241773962804 0.21906553434998322
57.21030042918454 0.22245761422092347
57.4964234620887 0.22414756643228928
57.81115879828326 0.22498523726904693
58.09728183118741 0.22241987033147653
58.38340486409156 0.2181523757343317
58.61230329041488 0.21303625239704127
58.81258941344778 0.2070702827747846
59.0414878397711 0.20195415943749423
59.27038626609442 0.19513590844062942
59.47067238912732 0.1874678111587982
59.670958512160226 0.1797997138769671
59.87124463519313 0.17298268042492315
60.10014306151645 0.1678665570876327
60.329041487839774 0.16189936992055515
60.61516452074392 0.15592974766383577
60.90128755364806 0.15251331689647812
61.216022889842634 0.15079779624387418
61.50214592274678 0.15248774845523994
61.78826895565093 0.15673089215596742
62.01716738197425 0.16352966243569833
62.21745350500716 0.16947858643046293
62.38912732474964 0.17627979179983558
62.532188841201716 0.1830822147140291
62.675250357653795 0.1915867652877971
62.78969957081545 0.19924146957659872
62.93276108726752 0.20689495632057953
63.075822603719594 0.21539950689434753
63.19027181688126 0.22560740267251086
63.30472103004291 0.23326210696131247
63.419170243204576 0.24091681125011413
63.53361945636624 0.24857151553891574
63.67668097281831 0.2562250022828965
63.791130185979966 0.2647307704014854
63.934191702432045 0.2723842571454661
64.04864091559371 0.280890025264055
64.22031473533619 0.2885422944632149
64.4206008583691 0.2953422822877667
64.64949928469241 0.2970346695887742
64.87839771101574 0.2936206739110583
65.10729613733905 0.28850455057376795
65.27896995708154 0.2799866070069704
65.45064377682402 0.27146866344017284
65.56509298998569 0.2646552826225915
65.70815450643777 0.2552874927708276
65.79399141630901 0.24422001034913093
65.93705293276108 0.2340011566675798
66.08011444921316 0.2220801753264542
66.22317596566523 0.2084570663257541
66.3376251788269 0.19909049401881107
66.48068669527896 0.18631844884789822
66.65236051502146 0.17269412230237718
66.85264663805437 0.15566432289288645
66.99570815450645 0.14033908623261188
67.13876967095851 0.1284181048914863
67.3390557939914 0.11309043314156997
67.56795422031473 0.10116579916598178
67.76824034334763 0.0892423827352144
67.93991416309012 0.07646912001948064
68.14020028612303 0.06880102273764943
68.34048640915593 0.06028186162603105
68.54077253218884 0.0526137643441999
68.76967095851217 0.04494444951754789
68.99856938483548 0.03897726235047022
69.28469241773962 0.032156576263963677
69.59942775393418 0.02618573646242356
69.91416309012875 0.021065960490670554
70.28612303290414 0.01679481325906307
70.62947067238912 0.013375947402063715
70.97281831187411 0.009957081545064361
71.3447782546495 0.008239125802818603
71.68812589413447 0.005671323775606529
72.06008583690988 0.004804431863147884
72.40343347639484 0.0030876936657230347
72.77539341917024 0.003071865583051725
73.14735336194563 0.002204973670593302
73.49070100143061 0.0021903631327428452
73.91988555078683 0.0021720999604298297
75.0071530758226 0.0012747694274495847
79.9856938483548 0.00021185279883112473
89.97138769670958 0.0006379934861351355

