44.96860646528691 0.2995369462293452
45.91927713432025 0.2994708253945592
47.60537228317183 0.2993535544800332
49.04031915431868 0.2983263943421636
51.87444942622502 0.29998398960918715
53.9910369535068 0.2998367771845694
56.179345486906485 0.2987572194040393
56.789209689682586 0.2987148022647427
57.452857716142006 0.29774128733245414
58.00891037161434 0.29770261288191896
58.367792638408446 0.3023144371446612
58.762466099210364 0.3041417009688713
59.210784765593324 0.30040109147893745
59.623229067107104 0.2966629771148445
60.12535928079384 0.2929186249361491
60.69929367145985 0.2910239927142326
61.237436868118046 0.29191392093084834
61.84741196537597 0.2955809242084733
62.313945050398075 0.3011126181979232
62.74457604693055 0.3057194522089835
63.13938812583475 0.31218349155434566
63.516124404202074 0.3140120029414762
63.92865187657721 0.31305595389007457
64.28722918354632 0.3074668720062823
64.62781386083991 0.3000243274769496
64.93255189688476 0.29351163317768836
65.21929730325414 0.28514547623288683
65.5060981568644 0.27863402949654603
65.79295445771558 0.2739772929686662
66.07981075856678 0.26932055644078623
66.40262459514851 0.2674433900997566
66.68973040858378 0.2711328495099504
66.95895448682539 0.2766782666915256
67.19238737105917 0.285008244311633
67.44370199048664 0.29148226416035905
67.65919769228583 0.2998134893433869
67.83887447645675 0.3100019198607166
68.0543979018764 0.31926050014797486
68.23407468604732 0.3294489306653046
68.46756301752202 0.3396336184938728
68.73689799024545 0.3488884560923696
69.02397608006027 0.35165056039833303
69.34681764026246 0.3507007491615338
69.61562586419723 0.34233583977965265
69.81265763477319 0.3330485655452232
70.00966168172869 0.32283393620656325
70.20663800506372 0.31169195176367287
70.36771223990912 0.29962510734239306
70.51090473956083 0.2894142206924945
70.6719512507858 0.27642002116698433
70.8330254856312 0.2643531767457045
71.01206462653164 0.2532124398657346
71.22695040868082 0.24114185275569333
71.45980109688504 0.229997373186962
71.69270723233018 0.2207076038266914
71.96154317988541 0.21327004954904072
72.21263601034923 0.21232522856392344
72.49965865292315 0.21323262266142617
72.73303608991603 0.21970789007307268
72.91265742684602 0.22804161038194148
73.07439702858235 0.2382312884621916
73.218254895125 0.25027692431382315
73.36208503804721 0.26139520506122427
73.48803344577573 0.27436944358000664
73.61398185350424 0.2873436820987891
73.75786744366735 0.300316673054651
73.86587866896126 0.31329215913635383
73.99188252393068 0.3281211078635971
74.11791410252056 0.34387741169507074
74.2259807750554 0.3587076079852345
74.33401972396977 0.37261044917116776
74.4420309492637 0.38558593525287066
74.56800708061267 0.39948752887588346
74.69395548834117 0.41246176739466595
74.80196671363511 0.4254372534763688
74.94576913293685 0.4356281791195395
75.10745328743226 0.44396314699132877
75.30481774145369 0.4458041340076642
75.46605831802182 0.4393014202117669
75.62718800010813 0.4290892859989479
75.7524155937048 0.4179522918077395
75.85965055762597 0.40496183497099075
75.94889289187165 0.3901179154887016
76.05610013217236 0.37620010354772243
76.16330737247308 0.36228229160674325
76.25260515395965 0.34929308233291495
76.34181976458488 0.3335218077463955
76.44897155764468 0.3177492855969555
76.55620652156585 0.3047588287602067
76.66327514376431 0.2862042412980754
76.75254520163043 0.27228767692001676
76.84187070673747 0.2602258227504189
76.94910567065864 0.24723536591367012
77.05631291095935 0.23331755397269094
77.16346470401916 0.2175450318232509
77.27061649707898 0.20177250967381088
77.41372582586932 0.18877955771122112
77.55683515465967 0.17578660574863136
77.71788166588462 0.16279240622312108
77.86096327105453 0.14887209915630117
78.05788414714866 0.13587540450494984
78.20110437042084 0.12659187295928143
78.41604559981093 0.11637599605770155
78.68493699460706 0.11079315198851158
78.88221827776711 0.10985207369215577
79.1513314615269 0.11168807045680906
79.36685488694653 0.12094665074406741
79.54647622387655 0.12928037105293633
79.72620845528839 0.14132351177872682
79.88803122788607 0.1542952551716681
80.01395191199414 0.16634213858622016
80.15780977853679 0.1783877744378517
80.2837581862653 0.19136201295663413
80.39182485880013 0.20619220924679782
80.46396171922487 0.21917019045434172
80.55406348570466 0.23307427920319557
80.62617262250896 0.24512490530650893
80.6983094829337 0.25810288651405283
80.78838352579302 0.27107962015867626
80.86063128069958 0.2877670217831418
80.95081621804073 0.3044531758446868
81.0050713432718 0.31928711482361194
81.07729137455789 0.33504716134384716
81.13157422340942 0.35080845542700273
81.18585707226092 0.36656974951015836
81.24008447387152 0.3804763333848531
81.33021396397177 0.3953077772379373
81.40240627163743 0.410140468653942
81.43866876719298 0.42312094498732694
81.4929516160445 0.4388822390704825
81.54726218851647 0.45557088825786857
81.61953766704349 0.47318564498656446
81.69175769832958 0.48894569150679956
81.78199808291166 0.5074865557768055
81.85427356143867 0.5251013125055014
81.9623956812144 0.5417862190041259
82.016623082825 0.5556928028788207
82.07082276081516 0.5686720316492851
82.12488382070305 0.5770144848985974
82.25069361032928 0.5853519478962277
82.3762538873714 0.5853432149557842
82.48371064025622 0.5797715989528789
82.55520985741049 0.5714204127631232
82.64450763889707 0.5584312034892949
82.73380542038365 0.5454419942154666
82.78728428424196 0.5343099902759401
82.84073542447982 0.5222506312321833
82.89413111747675 0.5083365619799656
82.94749908685326 0.4934951376235174
83.00083933260929 0.4777263581628388
83.05417957836532 0.4619575787021603
83.10760299498273 0.448970864554173
83.16097096435922 0.43412944019772487
83.21431121011524 0.4183606607370463
83.26765145587127 0.4025918812763678
83.30310996643362 0.3886790595870706
83.35645021218966 0.372910280126392
83.42775536400075 0.35806760820702344
83.48117878061814 0.34508089405903614
83.5166372911805 0.3311680723697389
83.57003298417744 0.31725400311752117
83.62342867717439 0.30333993386530345
83.69473382898546 0.2884972619459348
83.74810179836194 0.27365583758948675
83.8194346737935 0.2597405207743485
83.90870473165961 0.24582395639628984
83.9979470659053 0.2309800369140007
84.0692244940959 0.21521000989040173
84.15841138110068 0.19851138019965164
84.24754282086451 0.17995804030044094
84.40842299036674 0.16139971014954824
84.53348424224068 0.14469858533295699
84.6226988528659 0.12892731074643782
84.76572501079488 0.11315229347115685
84.92671607477891 0.09830338373718572
85.08776258600386 0.08530918421167544
85.26669083242248 0.0704590269147839
85.46361170851662 0.057462332263433
85.6784974906658 0.045391745153391616
85.92931308492507 0.03517337312597035
86.18018412642526 0.02680971130700971
86.44904779760094 0.020299512133589492
86.73587637483168 0.014715420501479004
87.07654422298663 0.010054941284837415
87.39930261232745 0.00632306473534705
87.72211644890919 0.004445898394317305
88.06289519154596 0.0034948395945976207
88.45745775786605 0.001612683001886439
88.85204804780662 0.0006578815134049565
89.22872887893303 0.0006316826920749197
89.58747252762487 0.0006067314336652974
90.00002772362046 0.0005780374864936544

