44.90701001430615 0.20170456274921614
48.16881258941345 0.19986363498006263
55.06437768240343 0.2012723343378078
55.493562231759654 0.20125407116549476
55.89413447782546 0.20293915319757702
56.294706723891274 0.20377317139987208
56.69527896995708 0.20460718960216717
57.06723891273247 0.20288923385992147
57.41058655221745 0.2011724956624965
57.81115879828326 0.20030438620521715
58.2689556509299 0.20028490548808325
58.66952789699571 0.2002678598605911
59.0414878397711 0.19854990411834533
59.38483547925608 0.19768422975070762
59.670958512160226 0.19682099047271173
59.899856938483545 0.1968112501141448
60.21459227467811 0.19679785712111522
60.47210300429184 0.1976379630475146
60.758226037195996 0.2001789790886677
61.04434907010014 0.20186893130003347
61.359084406294706 0.2044087297963656
61.645207439198856 0.2069497458375186
61.931330472103 0.2094907618786716
62.246065808297566 0.2111794965452165
62.56080114449213 0.21116610355218696
62.90414878397711 0.20944936535476208
63.218884120171666 0.20688278087237078
63.53361945636624 0.20431619638997955
63.8483547925608 0.20174961190758828
64.13447782546494 0.19748211731044346
64.4206008583691 0.1932146227132986
64.73533619456366 0.18979697440112006
65.05007153075823 0.1863793260889416
65.30758226037196 0.1838151766961921
65.5937052932761 0.18295193741819615
65.90844062947068 0.1829385444251666
66.25178826895565 0.18462606154689065
66.5379113018598 0.18801814141783096
66.82403433476395 0.19396341277813287
67.05293276108726 0.1999111192280765
67.310443490701 0.2067086719629866
67.56795422031473 0.21350622469789668
67.73962804005723 0.22030743006726933
67.96852646638054 0.2254040726874258
68.2546494992847 0.2313493440477277
68.51216022889842 0.23559370529327608
68.76967095851217 0.2389870027090372
69.05579399141631 0.2381237634310413
69.37052932761087 0.23555717894864997
69.5994277539342 0.23044105561135972
69.79971387696709 0.2253261498188902
70 0.21850911636684622
70.14306151645206 0.21254558183423128
70.31473533619456 0.20487870209722092
70.48640915593705 0.19806288618999776
70.65808297567955 0.19124707028277482
70.80114449213161 0.18358140809058532
70.94420600858369 0.17591574589839584
71.11587982832617 0.16739780233159834
71.3447782546495 0.15972848750494634
71.5450643776824 0.1529114540529023
71.7453505007153 0.14524335677107114
71.97424892703863 0.1384251057742063
72.26037195994277 0.13330654734727415
72.54649499284693 0.13159224423949106
72.83261802575107 0.13158006879128237
73.06151645207439 0.13497458375186433
73.29041487839771 0.14007122637202074
73.4620886981402 0.1460213679116062
73.6623748211731 0.15282135573615796
73.80543633762517 0.16047484248013877
73.91988555078683 0.1672784829391532
74.0343347639485 0.17493318722795476
74.14878397711016 0.18258789151675642
74.29184549356222 0.19024137826073723
74.40629470672388 0.20044927403890056
74.49213161659513 0.20810519587252302
74.57796852646638 0.21491005387635828
74.66380543633763 0.22341703953976805
74.8068669527897 0.23192159011353602
74.89270386266094 0.24042857577694574
74.97854077253218 0.25063768909992995
75.06437768240343 0.25744254710376524
75.1788268955651 0.2650972513925669
75.26466380543633 0.2736042370559766
75.4077253218884 0.28295985145953184
75.52217453505007 0.29146561957812067
75.63662374821172 0.301673515356284
75.7796852646638 0.31017806593005204
75.95135908440629 0.3169792712994247
76.20886981402003 0.3186704410556114
76.49499284692418 0.3152540102882537
76.63805436337626 0.3075883480960643
76.78111587982832 0.29992268590387483
76.89556509298998 0.291407177426719
77.01001430615165 0.2828916689495632
77.12446351931331 0.27267403281283287
77.23891273247497 0.2641585243356771
77.35336194563662 0.2505366328797979
77.4964234620887 0.23691352387909778
77.61087267525036 0.22329163242321856
77.72532188841203 0.21222293245670107
77.86838340486409 0.1994508872857882
77.98283261802575 0.18753112348948342
78.15450643776823 0.17560892460353694
78.2689556509299 0.159433841658296
78.38340486409155 0.14666301403220405
78.49785407725321 0.13559431406568656
78.64091559370529 0.12537546038413538
78.75536480686695 0.11600888807719234
78.89842632331903 0.10579003439564111
79.0414878397711 0.09642224454387727
79.18454935622317 0.08875658235168782
79.35622317596567 0.07853651112531579
79.52789699570815 0.07001856755851821
79.69957081545064 0.05979849633214618
79.92846924177397 0.05127811767570695
80.15736766809728 0.04275773901926766
80.44349070100142 0.035085989102973836
80.70100143061516 0.029117584391075313
81.01573676680972 0.023146744589535195
81.3590844062947 0.018025751072961282
81.70243204577969 0.013755821386174816
82.07439198855508 0.010335737984354554
82.44635193133047 0.007766718412321516
82.84692417739628 0.006047545125254905
83.24749642346208 0.005179435667975463
83.61945636623747 0.004312543755516929
84.0486409155937 0.003443216753416689
84.53505007153075 0.0034225184914619122
84.9928469241774 0.0025519739445408196
90 0.0006367759413143936

