45.09338060012584 0.1005162727332671
45.52512966889031 0.10030756197899145
45.9914347565153 0.10009767775059539
46.44005950072588 0.0995002956037189
46.889287745912675 0.09948504044015338
47.32103681467714 0.09927632968587774
47.75298705043368 0.09926166125937241
48.202416462612554 0.09944044842357722
48.652449375767645 0.10020136257109297
49.274658882249135 0.10037428236469564
49.75864431328853 0.10055189605477999
50.381658487738314 0.10150098515946394
50.831490233901334 0.10206785697920939
51.24636362721968 0.1022478176175346
51.730147891267 0.10223138897984865
52.282239525067084 0.10143644408284055
52.79897047203835 0.09986650334887162
53.2988257435635 0.09868523400750354
53.90154440370192 0.09672427493269287
54.38371933181266 0.09515550767284435
54.83274641000739 0.09494621018150849
55.42019873063628 0.09492626112146127
55.90498882964397 0.09588004412262692
56.28671437304631 0.09741947452946481
56.63428623157226 0.09934816306596377
57.01681644294289 0.10166376278388295
57.29527626374781 0.10359479826862275
57.57373608455272 0.10552583375336255
57.88755659218645 0.10823186507506322
58.16641874697551 0.11055098521534368
58.51399060550147 0.11247967375184262
58.86116013004329 0.11402027763280093
59.08617658662082 0.11440073470655882
59.38010391392735 0.11458480250430551
59.603913368552455 0.11380100561144146
59.86187650805394 0.11262795058891636
60.06740211828843 0.11087452879426091
60.27272656153083 0.10892706467183516
60.495127847211435 0.10678497148457887
60.71672446492374 0.10386670898624129
60.92084190621371 0.10075499089719361
61.10768133807342 0.09764385954520612
61.310994111395104 0.09375597214507717
61.49702887528652 0.0898686714820084
61.649915789261925 0.08734084058745234
61.80260153624526 0.0846189673651259
61.97216295867471 0.08150842275019865
62.12464753866597 0.07859250720010193
62.277132118657235 0.0756765916500052
62.41213752222615 0.07256722050919835
62.54734409278716 0.06965189169616184
62.68275183034023 0.06693060521089565
62.817958400901226 0.06401527639785913
62.95296380447016 0.060905905257052306
63.1225252268996 0.05779536064212504
63.29188548233698 0.05449077369942745
63.46104457078228 0.05099214442895955
63.647481668657846 0.04749292842143145
63.834924601493775 0.04496392405275494
64.02176403335349 0.041852792700767444
64.22588147464346 0.03874107461171977
64.44747809235577 0.03582281211338219
64.68615155250626 0.03270992055021407
64.89087249477245 0.03018032944447735
65.16390080679139 0.0268722220794185
65.42045577734837 0.024340870762501132
65.74592161863433 0.021613130169572614
66.00227542219922 0.01888773652488493
66.32834476446139 0.01674212291526736
66.63693493030122 0.014403053714939662
66.99796262540806 0.012644351286742322
67.29028061677799 0.011276080462326449
67.63403030245456 0.009517964771189324
68.08164921170479 0.007950370985461225
68.47783642664837 0.0067726220664544035
68.87382247459988 0.005400830819677266
69.32224605181838 0.004609406345030459
69.77066962903689 0.003817981870383652
70.18473835438695 0.003221773197627592
70.51261819957777 0.002822540537942897
70.90940891549756 0.0022269186022470244
71.42754803141334 0.002015274162670333
71.9450836463529 0.001221502739782665
72.34227669625683 0.0010139654596274528
72.80838061688976 0.0006100389034610909
73.3783537610963 0.00039663425270375363
73.82738083929104 0.00018733676136789557
75.01956348997908 0.00014685190421323546
80.03018622475494 -0.000023301843248418885
89.96544398113947 0.000027409002669925853

